0000000000000000000000000000000000000000000000000000000000000010
0000000000000000000000000000000000000000000000000000000000100010
0000000000000000000000000000000000000000000000000000001000100010
0000000000000000000000000000000000000000000000000010001000100010
0000000000000000000000000000000000000000000000100010001000100010
0000000000000000000000000000000000000000001000100010001000100010
0000000000000000000000000000000000000010001000100010001000100010
0000000000000000000000000000000000100010001000100010001000100010
0000000000000000000000000000001000100010001000100010001000100010
0000000000000000000000000010001000100010001000100010001000100010
0000000000000000000000100010001000100010001000100010001000100010
0000000000000000001000100010001000100010001000100010001000100010
0000000000000010001000100010001000100010001000100010001000100010
0000000000100010001000100010001000100010001000100010001000100010
0000001000100010001000100010001000100010001000100010001000100010
0010001000100010001000100010001000100010001000100010001000100010
0010001000100010001000100010001000100010001000100010001000100010
0010001000100010001000100010001000100010001000100010001000100010
0010001000100010001000100010001000100010001000100010001000100010
0010001000100010001000100010001000100010001000100010001000100010
0010001000100010001000100010001000100010001000100010001000100010
0010001000100010001000100010001000100010001000100010001000100010
0010001000100010001000100010001000100010001000100010001000100010
0010001000100010001000100010001000100010001000100010001000100010
0010001000100010001000100010001000100010001000100010001000100010
0010001000100010001000100010001000100010001000100010001000100010
0010001000100010001000100010001000100010001000100010001000100010
0010001000100010001000100010001000100010001000100010001000100010
0010001000100010001000100010001000100010001000100010001000100010
0010001000100010001000100010001000100010001000100010001000100010
0010001000100010001000100010001000100010001000100010001000100010
0010001000100010001000100010001000100010001000100010001000100010
0010001000100010001000100010001000100010001000100010001000100010
0010001000100010001000100010001000100010001000100010001000100010
0010001000100010001000100010001000100010001000100010001000100010
0010001000100010001000100010001000100010001000100010001000100010
0010001000100010001000100010001000100010001000100010001000100010
0010001000100010001000100010001000100010001000100010001000100010
0010001000100010001000100010001000100010001000100010001000100010
0010001000100010001000100010001000100010001000100010001000100010
0010001000100010001000100010001000100010001000100010001000100010
0010001000100010001000100010001000100010001000100010001000100010
0010001000100010001000100010001000100010001000100010001000100010
0010001000100010001000100010001000100010001000100010001000100010
0010001000100010001000100010001000100010001000100010001000100010
0010001000100010001000100010001000100010001000100010001000100010
0010001000100010001000100010001000100010001000100010001000100010
0010001000100010001000100010001000100010001000100010001000100010
0010001000100010001000100010001000100010001000100010001000100010
0010001000100010001000100010001000100010001000100010001000100010
0010001000100010001000100010001000100010001000100010001000100010
0010001000100010001000100010001000100010001000100010001000100010
0010001000100010001000100010001000100010001000100010001000100010
0010001000100010001000100010001000100010001000100010001000100010
0010001000100010001000100010001000100010001000100010001000100010
0010001000100010001000100010001000100010001000100010001000100010
0010001000100010001000100010001000100010001000100010001000100010
0010001000100010001000100010001000100010001000100010001000100010
0010001000100010001000100010001000100010001000100010001000100010
0010001000100010001000100010001000100010001000100010001000100010
0010001000100010001000100010001000100010001000100010001000100010
0010001000100010001000100010001000100010001000100010001000100010
0010001000100010001000100010001000100010001000100010001000100010
0010001000100010001000100010001000100010001000100010001000100010
0010001000100010001000100010001000100010001000100010001000100010
0010001000100010001000100010001000100010001000100010001000100010
0010001000100010001000100010001000100010001000100010001000100010
0010001000100010001000100010001000100010001000100010001000100010
0010001000100010001000100010001000100010001000100010001000100010
0010001000100010001000100010001000100010001000100010001000100010
0010001000100010001000100010001000100010001000100010001000100010
0010001000100010001000100010001000100010001000100010001000100010
0010001000100010001000100010001000100010001000100010001000100010
0010001000100010001000100010001000100010001000100010001000100010
0010001000100010001000100010001000100010001000100010001000100010
0010001000100010001000100010001000100010001000100010001000100010
0010001000100010001000100010001000100010001000100010001000100010
0010001000100010001000100010001000100010001000100010001000100010
0010001000100010001000100010001000100010001000100010001000100010
0010001000100010001000100010001000100010001000100010001000100010
0010001000100010001000100010001000100010001000100010001000100010
0010001000100010001000100010001000100010001000100010001000100010
0010001000100010001000100010001000100010001000100010001000100010
0010001000100010001000100010001000100010001000100010001000100010
0010001000100010001000100010001000100010001000100010001000100010
0010001000100010001000100010001000100010001000100010001000100010
0010001000100010001000100010001000100010001000100010001000100010
0010001000100010001000100010001000100010001000100010001000100010
0010001000100010001000100010001000100010001000100010001000100010
0010001000100010001000100010001000100010001000100010001000100010
0010001000100010001000100010001000100010001000100010001000100010
0010001000100010001000100010001000100010001000100010001000100010
0010001000100010001000100010001000100010001000100010001000100010
0010001000100010001000100010001000100010001000100010001000100010
0010001000100010001000100010001000100010001000100010001000100010
0010001000100010001000100010001000100010001000100010001000100010
0010001000100010001000100010001000100010001000100010001000100010
0010001000100010001000100010001000100010001000100010001000100010
0010001000100010001000100010001000100010001000100010001000100010
0010001000100010001000100010001000100010001000100010001000100010
0010001000100010001000100010001000100010001000100010001000100010
0010001000100010001000100010001000100010001000100010001000100010
0010001000100010001000100010001000100010001000100010001000100010
0010001000100010001000100010001000100010001000100010001000100010
0010001000100010001000100010001000100010001000100010001000100010
0010001000100010001000100010001000100010001000100010001000100010
0010001000100010001000100010001000100010001000100010001000100010
0010001000100010001000100010001000100010001000100010001000100010
0010001000100010001000100010001000100010001000100010001000100010
0010001000100010001000100010001000100010001000100010001000100010
0010001000100010001000100010001000100010001000100010001000100010
0010001000100010001000100010001000100010001000100010001000100010
0010001000100010001000100010001000100010001000100010001000100010
0010001000100010001000100010001000100010001000100010001000100010
0010001000100010001000100010001000100010001000100010001000100010
0010001000100010001000100010001000100010001000100010001000100010
0010001000100010001000100010001000100010001000100010001000100010
0010001000100010001000100010001000100010001000100010001000100010
0010001000100010001000100010001000100010001000100010001000100010
0010001000100010001000100010001000100010001000100010001000100010
0010001000100010001000100010001000100010001000100010001000100010
0010001000100010001000100010001000100010001000100010001000100010
0010001000100010001000100010001000100010001000100010001000100010
0010001000100010001000100010001000100010001000100010001000100010
0010001000100010001000100010001000100010001000100010001000100010
0010001000100010001000100010001000100010001000100010001000100010
0010001000100010001000100010001000100010001000100010001000100010
0010001000100010001000100010001000100010001000100010001000100010
0010001000100010001000100010001000100010001000100010001000100010
0010001000100010001000100010001000100010001000100010001000100010
0010001000100010001000100010001000100010001000100010001000100010
0010001000100010001000100010001000100010001000100010001000100010
0010001000100010001000100010001000100010001000100010001000100010
0010001000100010001000100010001000100010001000100010001000100010
0010001000100010001000100010001000100010001000100010001000100010
0010001000100010001000100010001000100010001000100010001000100010
0010001000100010001000100010001000100010001000100010001000100010
0010001000100010001000100010001000100010001000100010001000100010
0010001000100010001000100010001000100010001000100010001000100010
0010001000100010001000100010001000100010001000100010001000100010
0010001000100010001000100010001000100010001000100010001000100010
0010001000100010001000100010001000100010001000100010001000100010
0010001000100010001000100010001000100010001000100010001000100010
0010001000100010001000100010001000100010001000100010001000100010
0010001000100010001000100010001000100010001000100010001000100010
0010001000100010001000100010001000100010001000100010001000100010
0010001000100010001000100010001000100010001000100010001000100010
0010001000100010001000100010001000100010001000100010001000100010
0010001000100010001000100010001000100010001000100010001000100010
0010001000100010001000100010001000100010001000100010001000100010
0010001000100010001000100010001000100010001000100010001000100010
0010001000100010001000100010001000100010001000100010001000100010
0010001000100010001000100010001000100010001000100010001000100010
0010001000100010001000100010001000100010001000100010001000100010
0010001000100010001000100010001000100010001000100010001000100010
0010001000100010001000100010001000100010001000100010001000100010
0010001000100010001000100010001000100010001000100010001000100010
0010001000100010001000100010001000100010001000100010001000100010
0010001000100010001000100010001000100010001000100010001000100010
0010001000100010001000100010001000100010001000100010001000100010
0010001000100010001000100010001000100010001000100010001000100010
0010001000100010001000100010001000100010001000100010001000100010
0010001000100010001000100010001000100010001000100010001000100010
0010001000100010001000100010001000100010001000100010001000100010
0010001000100010001000100010001000100010001000100010001000100010
0010001000100010001000100010001000100010001000100010001000100010
0010001000100010001000100010001000100010001000100010001000100010
0010001000100010001000100010001000100010001000100010001000100010
0010001000100010001000100010001000100010001000100010001000100010
0010001000100010001000100010001000100010001000100010001000100010
0010001000100010001000100010001000100010001000100010001000100010
0010001000100010001000100010001000100010001000100010001000100010
0010001000100010001000100010001000100010001000100010001000100010
0010001000100010001000100010001000100010001000100010001000100010
0010001000100010001000100010001000100010001000100010001000100010
0010001000100010001000100010001000100010001000100010001000100010
0010001000100010001000100010001000100010001000100010001000100010
0010001000100010001000100010001000100010001000100010001000100010
0010001000100010001000100010001000100010001000100010001000100010
0010001000100010001000100010001000100010001000100010001000100010
0010001000100010001000100010001000100010001000100010001000100010
0010001000100010001000100010001000100010001000100010001000100010
0010001000100010001000100010001000100010001000100010001000100010
0010001000100010001000100010001000100010001000100010001000100010
0010001000100010001000100010001000100010001000100010001000100010
0010001000100010001000100010001000100010001000100010001000100010
0010001000100010001000100010001000100010001000100010001000100010
0010001000100010001000100010001000100010001000100010001000100010
0010001000100010001000100010001000100010001000100010001000100010
0010001000100010001000100010001000100010001000100010001000100010
0010001000100010001000100010001000100010001000100010001000100010
0010001000100010001000100010001000100010001000100010001000100010
0010001000100010001000100010001000100010001000100010001000100010
0010001000100010001000100010001000100010001000100010001000100010
0010001000100010001000100010001000100010001000100010001000100010
0010001000100010001000100010001000100010001000100010001000100010
0010001000100010001000100010001000100010001000100010001000100010
0010001000100010001000100010001000100010001000100010001000100010
0010001000100010001000100010001000100010001000100010001000100010
0010001000100010001000100010001000100010001000100010001000100010
0010001000100010001000100010001000100010001000100010001000100010
0010001000100010001000100010001000100010001000100010001000100010
0010001000100010001000100010001000100010001000100010001000100010
0010001000100010001000100010001000100010001000100010001000100010
0010001000100010001000100010001000100010001000100010001000100010
0010001000100010001000100010001000100010001000100010001000100010
0010001000100010001000100010001000100010001000100010001000100010
0010001000100010001000100010001000100010001000100010001000100010
0010001000100010001000100010001000100010001000100010001000100010
0010001000100010001000100010001000100010001000100010001000100010
0010001000100010001000100010001000100010001000100010001000100010
0010001000100010001000100010001000100010001000100010001000100010
0010001000100010001000100010001000100010001000100010001000100010
0010001000100010001000100010001000100010001000100010001000100010
0010001000100010001000100010001000100010001000100010001000100010
0010001000100010001000100010001000100010001000100010001000100010
0010001000100010001000100010001000100010001000100010001000100010
0010001000100010001000100010001000100010001000100010001000100010
0010001000100010001000100010001000100010001000100010001000100010
0010001000100010001000100010001000100010001000100010001000100010
0010001000100010001000100010001000100010001000100010001000100010
0010001000100010001000100010001000100010001000100010001000100010
0010001000100010001000100010001000100010001000100010001000100010
0010001000100010001000100010001000100010001000100010001000100010
0010001000100010001000100010001000100010001000100010001000100010
0010001000100010001000100010001000100010001000100010001000100000
0010001000100010001000100010001000100010001000100010001000000000
0010001000100010001000100010001000100010001000100010000000000000
0010001000100010001000100010001000100010001000100000000000000000
0010001000100010001000100010001000100010001000000000000000000000
0010001000100010001000100010001000100010000000000000000000000000
0010001000100010001000100010001000100000000000000000000000000000
0010001000100010001000100010001000000000000000000000000000000000
0010001000100010001000100010000000000000000000000000000000000000
0010001000100010001000100000000000000000000000000000000000000000
0010001000100010001000000000000000000000000000000000000000000000
0010001000100010000000000000000000000000000000000000000000000000
0010001000100000000000000000000000000000000000000000000000000000
0010001000000000000000000000000000000000000000000000000000000000
0010000000000000000000000000000000000000000000000000000000000000
